0 23479 168
1 234T8 527
2 234K5 246
3 23Q57 979
4 23A95 512
5 259K6 208
6 27Q8K 172
7 27QK9 806
8 289TK 824
9 2975T 670
10 29835 107
11 2A4K5 485
12 2A789 333
13 2AQ93 778
14 3245A 381
15 34K5A 734
16 34KQT 879
17 3645K 509
18 372AT 681
19 37829 609
20 384KQ 475
21 3K724 918
22 3AQ52 64
23 4278A 322
24 439KT 82
25 465K8 540
26 47T38 397
27 47K93 374
28 48396 6
29 4TKAQ 904
30 4Q28K 794
31 4Q3A6 306
32 4Q872 993
33 4AQK8 425
34 52K74 177
35 536K8 291
36 5394T 152
37 53Q2K 481
38 542TK 847
39 574T6 835
40 58437 26
41 5872Q 265
42 5892A 536
43 58A64 997
44 594A6 788
45 5Q7TK 895
46 5QA89 643
47 5K238 19
48 5K743 690
49 5A427 18
50 6438A 180
51 64T89 705
52 64T9K 771
53 64A57 559
54 659Q2 329
55 6724Q 694
56 68T45 455
57 693KA 143
58 6Q7T8 680
59 6K5Q2 426
60 6K5A9 583
61 724K9 737
62 726T4 782
63 73ATQ 53
64 7453T 766
65 746T8 826
66 75Q69 353
67 76945 522
68 7865T 433
69 7T5Q9 209
70 7AQT6 434
71 83T4K 41
72 846AQ 611
73 84A9T 572
74 8539T 661
75 85T96 839
76 85A3T 628
77 8934K 981
78 8QT46 260
79 8K264 504
80 8K2A7 554
81 8K6A5 576
82 923T7 652
83 93457 619
84 93T5Q 598
85 93AQ6 662
86 94326 360
87 946Q5 112
88 954K2 326
89 986T7 807
90 9T57K 519
91 9Q48A 115
92 9Q65K 623
93 9K2AT 592
94 9K73T 932
95 T423A 27
96 T5396 948
97 T7Q6K 614
98 T8725 910
99 T892Q 844
100 TK39A 506
101 TK653 588
102 TA59Q 967
103 Q26T5 955
104 Q28T6 488
105 Q29A6 71
106 Q3A9K 590
107 Q453T 776
108 Q5248 148
109 Q7T43 677
110 QAK34 769
111 K2689 57
112 K5Q68 198
113 K786T 501
114 K92T7 15
115 K98Q4 232
116 KQ246 963
117 KQ4A7 101
118 KQ8A9 768
119 KQ96T 229
120 A2579 975
121 A37Q4 66
122 A4928 90
123 A5T8K 55
124 A78TK 446
125 AQTK6 936
126 AK576 523
127 AK893 415
128 AKQT3 964
129 J267K 30
130 J35K4 261
131 J3T7Q 620
132 J59K6 336
133 J5A49 616
134 J6234 618
135 J7693 755
136 J892Q 679
137 J9A38 909
138 JT63A 430
139 JQ268 396
140 JQ369 365
141 JQ925 511
142 JQK82 238
143 JQKA7 187
144 JK2TQ 221
145 JAQK4 709
146 23TQJ 612
147 26Q3J 170
148 27664 517
149 279Q2 408
150 288Q9 410
151 29A98 659
152 2Q3K3 69
153 2Q676 287
154 2Q82K 621
155 2Q883 970
156 2K86J 1000
157 2KT23 941
158 2A324 401
159 2AT62 473
160 2AK24 764
161 3J295 16
162 3J94T 929
163 326K6 851
164 35Q3A 351
165 365Q6 695
166 3754J 774
167 37686 565
168 385JK 213
169 38AA5 63
170 3959Q 786
171 396Q3 780
172 39776 529
173 3983T 819
174 4JK87 314
175 4JK9Q 557
176 423KJ 587
177 42898 767
178 44TA9 733
179 44QK3 76
180 45922 276
181 4688T 54
182 47559 552
183 48945 655
184 48TT7 303
185 49383 22
186 4T57J 233
187 4T634 486
188 4T9JA 834
189 4TAKA 416
190 4Q234 855
191 4A93J 763
192 5J389 1
193 53JQ4 714
194 539T5 9
195 544Q7 770
196 548Q5 829
197 5494Q 672
198 588AQ 248
199 5T79T 710
200 5QJ86 848
201 5Q57K 500
202 5K5A6 269
203 5A228 89
204 6J45K 641
205 639K9 727
206 64374 452
207 646A9 988
208 66249 394
209 66Q74 84
210 67897 203
211 683Q8 697
212 68TAJ 976
213 68K48 521
214 698K8 369
215 6Q44A 471
216 6Q685 178
217 6Q877 398
218 6KJ9Q 201
219 6K3AJ 905
220 6A323 87
221 6A356 382
222 7J3KA 427
223 72QQ4 13
224 7327Q 938
225 74ATA 146
226 75376 169
227 754A4 805
228 75899 61
229 75A76 656
230 76862 432
231 77495 919
232 778A3 795
233 78JQA 870
234 78Q48 297
235 79228 665
236 799T2 196
237 7TT4Q 378
238 7KJT6 85
239 7KJA8 510
240 8263J 157
241 82KK6 497
242 837K7 266
243 83KJT 376
244 83AJT 38
245 8499Q 321
246 8535Q 912
247 859JA 995
248 86323 561
249 88K29 563
250 897K7 28
251 898Q7 328
252 898AT 542
253 8T79T 779
254 8T7TA 2
255 8Q48K 990
256 8KJ63 507
257 8AQA5 186
258 9J452 862
259 9JQ58 10
260 9JQ76 403
261 9JKTQ 972
262 9474A 184
263 949QT 406
264 94KKQ 637
265 96JKT 102
266 97724 586
267 97935 224
268 99786 436
269 9TA33 264
270 9Q879 118
271 9Q985 547
272 9QQ2A 286
273 9K895 846
274 9AQJ6 195
275 T3T25 438
276 T3A43 942
277 T4JA2 811
278 T5352 417
279 T695J 761
280 T77QA 833
281 T97K9 914
282 T996Q 464
283 TT32K 280
284 TT8A3 50
285 TT9A2 739
286 TQAKJ 668
287 TK424 935
288 TA4J8 871
289 QJ36A 469
290 Q266A 947
291 Q4J36 256
292 Q4AQT 435
293 Q577A 188
294 Q63JT 676
295 Q7336 302
296 Q8KAK 849
297 QT626 354
298 QQ64T 775
299 QQ968 560
300 QK54J 437
301 QK5K7 971
302 KJ7Q3 812
303 K24K9 121
304 K27K8 790
305 K2T72 874
306 K4Q2K 463
307 K553T 456
308 K5K76 126
309 K6TTQ 943
310 K7Q2J 712
311 K85K2 543
312 K889Q 457
313 K9447 556
314 K958K 138
315 KQ49Q 582
316 KQT6Q 62
317 KAJ32 987
318 KA6AQ 204
319 AJ596 487
320 AJ672 693
321 AJTK5 642
322 A3282 719
323 A345J 664
324 A5T2T 894
325 A6JT5 931
326 A6K4A 93
327 A84J7 644
328 A8K82 949
329 A95J3 106
330 A9887 503
331 A9Q98 206
332 AQ7Q9 423
333 AKJ93 400
334 AK799 751
335 2266A 94
336 226Q6 34
337 226K6 141
338 22KKT 292
339 23244 348
340 26424 889
341 28525 392
342 292A9 349
343 2T92T 262
344 2K8K2 966
345 32255 792
346 32992 692
347 32A32 514
348 33878 983
349 34TT4 883
350 35735 952
351 363K6 281
352 366Q3 99
353 37357 613
354 38282 549
355 393T9 495
356 3KAA3 375
357 3A3TT 567
358 42884 263
359 42K2K 650
360 44662 896
361 45745 4
362 47466 800
363 47724 498
364 4QQ42 814
365 53Q3Q 821
366 54225 228
367 56456 462
368 57752 502
369 57T7T 860
370 59656 726
371 5TT53 35
372 5Q57Q 832
373 5QKKQ 843
374 5K445 887
375 63638 757
376 63A3A 44
377 66557 320
378 67376 956
379 67699 388
380 68484 235
381 69898 342
382 6QQ6A 698
383 6AA63 593
384 72572 640
385 76227 104
386 76337 890
387 76679 192
388 77969 674
389 77Q8Q 95
390 78448 251
391 7QT7Q 617
392 7K22K 837
393 7K7KT 173
394 82782 989
395 82826 344
396 82833 878
397 8448K 861
398 8833Q 513
399 884A4 161
400 88755 119
401 8TT68 315
402 8Q84Q 445
403 8K66K 330
404 8A78A 223
405 8A82A 111
406 8AQA8 566
407 922KK 980
408 9449Q 629
409 94889 724
410 95977 14
411 977T9 363
412 989KK 77
413 99272 789
414 9Q33Q 574
415 9QQKK 448
416 T422T 647
417 T4994 428
418 T4T47 649
419 T5T56 216
420 T6T26 625
421 T8484 908
422 TT33Q 872
423 TT366 144
424 TT767 56
425 TT797 534
426 TQQ44 165
427 TQKQK 183
428 TKT33 946
429 Q2277 525
430 Q2Q28 25
431 Q3993 323
432 Q422Q 688
433 Q5Q99 339
434 Q6464 465
435 Q664Q 359
436 Q6AAQ 74
437 Q8989 318
438 QQ449 958
439 QQ677 923
440 QAA99 584
441 K22KQ 241
442 K26K2 700
443 K3377 760
444 K45K4 752
445 K4K46 841
446 K58K5 47
447 K656K 741
448 K6T6T 461
449 K7K97 5
450 K996K 127
451 KT2T2 777
452 KT2KT 781
453 KTK3T 551
454 KQK44 803
455 KK525 182
456 KK77A 220
457 A344A 96
458 A393A 413
459 A477A 864
460 A5757 132
461 A6776 103
462 A77TT 140
463 ATA22 20
464 ATA77 444
465 AK99K 600
466 AKQKQ 678
467 AKAK7 701
468 AKAK8 116
469 AA262 197
470 J2524 541
471 J2883 666
472 J3J87 91
473 J355T 867
474 J377Q 289
475 J3AJK 953
476 J3A7A 156
477 J4QKQ 12
478 J4KAA 742
479 J5AT5 823
480 J6959 959
481 J7297 731
482 J7793 442
483 J838T 922
484 J8662 283
485 J889A 356
486 J8A2A 317
487 JTQ2Q 407
488 JTK9T 916
489 JQK55 43
490 JK6J8 278
491 JKA44 950
492 JAKKT 450
493 2J55T 722
494 23A33 703
495 25QJQ 259
496 28227 882
497 2T228 984
498 2Q7JQ 296
499 2AA3A 325
500 3J2J9 706
501 3J374 440
502 3J6T6 316
503 3JKKT 205
504 3JAJ2 631
505 3222T 945
506 33354 459
507 333A7 194
508 33635 92
509 33A7J 60
510 35444 827
511 355A5 884
512 3676J 973
513 36KKJ 83
514 37Q77 635
515 38TTT 31
516 38KJK 578
517 39323 393
518 39AAJ 97
519 3QQQ4 399
520 3K337 499
521 3KQKK 747
522 3A433 334
523 4JJ8K 667
524 4J55Q 120
525 4JK42 405
526 422K2 892
527 42TTT 930
528 44J29 244
529 4448Q 271
530 44834 907
531 44T47 853
532 46AJJ 957
533 488K8 153
534 49A99 327
535 4TTT8 978
536 4QJQ9 720
537 4K244 533
538 4KK8J 346
539 5J5K6 162
540 5JKQJ 934
541 52QJJ 991
542 5333T 968
543 54484 569
544 55459 838
545 5552A 608
546 55536 242
547 57888 732
548 58J3J 886
549 58355 491
550 59575 164
551 5TJKT 646
552 5T2JJ 124
553 5T3TT 199
554 5TK55 37
555 5K6KJ 24
556 5A666 857
557 6J468 3
558 6J746 715
559 6JQ67 657
560 64626 474
561 64696 492
562 66683 654
563 668T6 822
564 66965 368
565 66A76 21
566 67JA6 546
567 68Q88 122
568 6K6A6 449
569 7JJKA 40
570 7J989 299
571 7JQQK 372
572 7JKAK 100
573 72229 555
574 72787 520
575 73433 526
576 76T7J 185
577 7727T 421
578 7727Q 784
579 77746 310
580 77875 424
581 78JQ8 36
582 78T77 875
583 78QQQ 234
584 79877 134
585 7QTJQ 545
586 7A775 23
587 7A779 494
588 82J77 294
589 825JJ 785
590 82522 793
591 83J73 754
592 83J84 98
593 84838 387
594 85K55 634
595 86665 243
596 86766 419
597 868K8 630
598 87J74 725
599 88485 626
600 88829 577
601 89388 212
602 8T88A 858
603 8Q58J 395
604 8QQQ5 357
605 9JJ36 319
606 9J86J 859
607 9J89K 411
608 93353 928
609 94A44 358
610 95299 236
611 96J9A 149
612 97888 881
613 99JT7 340
614 99JAT 673
615 99594 891
616 999TQ 602
617 99A96 544
618 9TT8T 226
619 9QQ3Q 253
620 9K992 272
621 9A992 133
622 TJ37T 301
623 TJQ2T 477
624 T27TJ 33
625 T344J 708
626 T4T7T 467
627 T5554 282
628 T5558 252
629 T6J33 176
630 T8868 638
631 T9996 418
632 T999A 831
633 TT3T6 746
634 TT65J 813
635 TTT37 110
636 TTT65 898
637 TAJA9 992
638 TA33J 163
639 TAA5A 125
640 QJT99 200
641 QJQ26 88
642 QJAKA 312
643 Q2522 675
644 Q74QQ 591
645 Q88J4 460
646 Q8878 470
647 Q88KJ 151
648 Q8KKJ 808
649 Q979J 332
650 Q99A9 439
651 QQJ73 868
652 QQ23Q 809
653 QQ5Q6 607
654 QQ84Q 355
655 QAQ9Q 39
656 KJ997 295
657 K3T33 606
658 K65KK 441
659 K66Q6 480
660 K7444 575
661 K8K5J 745
662 K8KK2 371
663 K9J94 985
664 K9994 927
665 K9KKT 468
666 KT7TT 974
667 KK5K2 645
668 KK5K9 986
669 KK96K 277
670 KA444 787
671 AJ4QJ 627
672 AJ855 888
673 AJ955 531
674 A2AJQ 175
675 A4544 610
676 A4777 897
677 A5556 951
678 A58JA 123
679 A6TAA 422
680 A92AJ 179
681 A99JQ 684
682 A9AKA 483
683 ATTT8 632
684 ATQQQ 150
685 AK7AJ 711
686 AK7AA 903
687 AKKK2 744
688 AAAQK 215
689 J2332 250
690 J3838 225
691 J5522 391
692 J88AA 154
693 JT99T 828
694 JQQ66 46
695 JA33A 596
696 JAKAK 999
697 22255 783
698 222TT 404
699 22772 298
700 22QQ2 772
701 22AAJ 845
702 26662 275
703 28828 671
704 2992J 622
705 2KKJ2 105
706 2A2A2 482
707 2AAA2 917
708 3JQ3Q 135
709 33223 798
710 33777 653
711 33AAA 338
712 35533 906
713 35535 850
714 3636J 873
715 39J39 159
716 3T3T3 802
717 3TTT3 944
718 3Q3Q3 108
719 3KK3K 994
720 4J545 32
721 43443 538
722 448J8 748
723 44TJT 836
724 44QQ4 825
725 44A4A 80
726 54544 211
727 54554 856
728 55JTT 933
729 55TTT 729
730 5Q5Q5 191
731 63663 550
732 64646 633
733 66555 965
734 66655 911
735 666TT 840
736 66868 885
737 66A6A 568
738 6Q66Q 454
739 6AA6A 384
740 7J272 954
741 73337 562
742 74477 402
743 76667 193
744 77676 219
745 778J8 109
746 77878 589
747 77A7A 247
748 84448 877
749 88333 181
750 88448 558
751 885J5 380
752 88555 797
753 88833 585
754 88T8T 902
755 88TTT 765
756 89889 913
757 89899 305
758 8K88K 570
759 8A8AA 68
760 92299 603
761 93993 239
762 94494 685
763 9595J 691
764 95955 337
765 99J88 466
766 99696 516
767 99977 580
768 99TT9 284
769 99Q9Q 451
770 9TT9T 409
771 9QQ9Q 202
772 9A99A 605
773 9A9AA 373
774 TJT88 267
775 T6TT6 73
776 TQTQJ 367
777 Q33QQ 508
778 Q4JQ4 458
779 Q5Q5Q 489
780 Q88Q8 142
781 Q8Q8Q 762
782 QTQTT 429
783 QQ2J2 341
784 QQ2Q2 880
785 QQQ44 130
786 QQQ77 86
787 QQQTT 361
788 QQQAA 58
789 QKKKQ 537
790 K2K2K 535
791 K33K3 493
792 K44K4 982
793 K7KK7 70
794 K8KJ8 830
795 K999K 758
796 KTTKT 79
797 KK4K4 599
798 KK99K 51
799 AJ99A 81
800 AJA77 300
801 A7AA7 702
802 ATTAT 145
803 AKKAK 528
804 AATAT 866
805 JJ992 17
806 J2J77 309
807 J2JTT 639
808 J229J 921
809 J55J9 687
810 J6656 723
811 J6662 386
812 J8JJ3 490
813 J83J8 696
814 J844J 597
815 J888K 730
816 J88T8 174
817 J9333 717
818 JQQ8J 753
819 JK22J 414
820 JKKJ4 759
821 JAAAT 581
822 2J2K2 615
823 2222Q 532
824 227JJ 977
825 22922 139
826 24222 716
827 2TTJT 383
828 33233 553
829 33335 207
830 3333A 307
831 33363 268
832 33373 155
833 333AJ 926
834 38888 636
835 39999 842
836 3K33J 345
837 3K333 925
838 4J446 385
839 4J777 245
840 4J999 713
841 43444 756
842 44J24 279
843 454J4 594
844 4844J 893
845 4K4J4 818
846 4AAAA 704
847 5JJAA 863
848 55JA5 128
849 555JT 147
850 55552 900
851 55556 65
852 55558 961
853 555Q5 496
854 55755 240
855 55955 293
856 55K55 8
857 59J99 624
858 5KKKK 865
859 6J6J4 478
860 6J676 940
861 64666 160
862 65666 117
863 66JQ6 735
864 66266 42
865 6636J 113
866 66366 166
867 66669 969
868 6666T 350
869 66K66 854
870 68666 820
871 69999 78
872 6QQQQ 743
873 7J757 876
874 7J773 167
875 7J787 59
876 7333J 137
877 74444 939
878 75777 347
879 77J5J 389
880 773JJ 29
881 77747 249
882 77776 231
883 7777T 799
884 7777K 601
885 77977 651
886 77A7J 548
887 79999 924
888 8J882 258
889 85888 515
890 87777 749
891 88J78 45
892 88JKJ 412
893 888J3 255
894 8884J 273
895 88887 311
896 8TTTT 996
897 8Q888 370
898 8K888 129
899 8A888 699
900 9J9K9 579
901 93J99 343
902 94JJ9 189
903 97JJ9 131
904 98888 114
905 99J79 658
906 99JQ9 660
907 9929J 377
908 99499 274
909 99899 254
910 99992 313
911 9999Q 707
912 999K9 750
913 99A99 72
914 9TJ99 869
915 9T999 960
916 9KKJK 564
917 9KKKK 479
918 TJ777 683
919 T22J2 7
920 T3J3J 75
921 T3333 937
922 T4444 472
923 T5555 379
924 TTJJA 738
925 TT2TT 962
926 TT7JT 230
927 TTT3T 190
928 TTTT4 852
929 TTTT6 390
930 TTTQT 718
931 TTTAT 304
932 TKKKK 505
933 QJQ9Q 801
934 QJQQ5 257
935 QJQQ6 915
936 Q3333 901
937 Q7777 11
938 QTTTJ 899
939 QQ2QQ 796
940 QQQ5Q 222
941 QQQQ3 67
942 QQQQ4 573
943 QAAJA 335
944 KJTJT 728
945 KJKTK 595
946 K66J6 686
947 K77J7 52
948 K7KKK 689
949 KK2KK 48
950 KKKJ7 791
951 KKKK3 518
952 KKKK4 524
953 KKKK6 740
954 KKKK8 443
955 KKKKQ 817
956 KAAAA 288
957 AJ999 815
958 AJTTT 810
959 AJAA2 352
960 A44J4 210
961 A5AAA 285
962 A7777 49
963 A8AJA 721
964 AQQQQ 362
965 AA8AA 136
966 AAA7A 530
967 AAAA2 420
968 AAAA9 736
969 AAAAQ 453
970 JJJJJ 571
971 JJJJ8 217
972 JJ2JJ 920
973 JJ333 804
974 JJ555 366
975 JJ66J 648
976 JJ8J8 682
977 JJQJQ 171
978 J6666 773
979 J9J99 663
980 JQJQQ 218
981 JQQQQ 331
982 JKKJK 227
983 JAAJA 308
984 2J222 364
985 22J2J 290
986 333J3 270
987 44JJ4 476
988 4444J 998
989 55J55 431
990 6JJ66 669
991 777JJ 237
992 7777J 447
993 88J8J 484
994 8888J 214
995 99J99 539
996 TJTJT 158
997 TTJTT 324
998 KKKJK 816
999 AAAAJ 604